frame_00001.jsc68 50 161 187 187 1
frame_00002.jsc68 58 159 170 170 1
frame_00003.jsc68 64 151 168 168 1
frame_00004.jsc68 58 153 179 179 1
frame_00005.jsc68 74 145 154 154 1
frame_00006.jsc68 67 142 166 166 1
frame_00007.jsc68 73 134 159 159 1
frame_00008.jsc68 72 135 166 166 1
frame_00009.jsc68 77 131 159 159 1
frame_00010.jsc68 73 125 173 173 1
frame_00011.jsc68 67 127 178 178 1
frame_00012.jsc68 80 126 172 172 1
frame_00013.jsc68 81 122 169 169 1
frame_00014.jsc68 100 120 154 154 1
frame_00015.jsc68 99 118 153 153 1
frame_00016.jsc68 115 119 139 139 1
frame_00017.jsc68 123 114 133 133 1
frame_00018.jsc68 127 114 136 136 1
frame_00019.jsc68 118 120 145 145 1
frame_00020.jsc68 134 116 134 134 1
frame_00021.jsc68 132 115 142 142 1
frame_00022.jsc68 137 117 135 135 1
frame_00023.jsc68 140 109 134 134 1
frame_00024.jsc68 138 107 142 142 1
frame_00025.jsc68 141 112 146 146 1
frame_00026.jsc68 142 114 150 150 1
frame_00027.jsc68 143 108 151 151 1
frame_00028.jsc68 147 109 146 146 1
frame_00029.jsc68 150 105 143 143 1
frame_00030.jsc68 155 105 153 153 1
frame_00031.jsc68 161 104 145 145 1
frame_00032.jsc68 165 103 148 148 1
frame_00033.jsc68 164 99 157 157 1
frame_00034.jsc68 175 95 143 143 1
frame_00035.jsc68 180 92 134 134 1
frame_00036.jsc68 182 85 145 145 1
frame_00037.jsc68 184 86 156 156 1
frame_00038.jsc68 196 86 146 146 1
frame_00039.jsc68 190 80 153 153 1
frame_00040.jsc68 199 79 146 146 1
frame_00041.jsc68 198 84 145 145 1
frame_00042.jsc68 201 83 157 157 1
frame_00043.jsc68 213 90 163 163 1
frame_00044.jsc68 228 82 167 167 1
frame_00045.jsc68 225 84 187 187 1
frame_00046.jsc68 222 78 205 205 1
frame_00047.jsc68 233 85 211 211 1
frame_00048.jsc68 228 82 218 218 1
frame_00049.jsc68 243 85 208 208 1
frame_00050.jsc68 234 83 229 229 1
frame_00051.jsc68 241 79 212 212 1
frame_00052.jsc68 239 80 220 220 1
frame_00053.jsc68 249 82 204 204 1
frame_00054.jsc68 254 74 188 188 1
frame_00055.jsc68 248 76 209 209 1
frame_00056.jsc68 253 75 204 204 1
frame_00057.jsc68 256 76 202 202 1
frame_00058.jsc68 265 73 197 197 1
frame_00059.jsc68 265 71 190 190 1
frame_00060.jsc68 257 67 215 215 1
frame_00061.jsc68 301 63 166 166 1
frame_00062.jsc68 315 66 165 165 1
frame_00063.jsc68 318 65 172 172 1
frame_00064.jsc68 320 61 182 182 1
frame_00065.jsc68 333 62 177 177 1
frame_00066.jsc68 337 60 185 185 1
frame_00067.jsc68 355 40 182 182 1
frame_00068.jsc68 346 47 206 206 1
frame_00069.jsc68 352 51 215 215 1
frame_00070.jsc68 366 46 213 213 1
frame_00071.jsc68 362 45 219 219 1
frame_00072.jsc68 364 43 211 211 1
frame_00073.jsc68 375 47 187 187 1
frame_00074.jsc68 376 37 196 196 1
frame_00075.jsc68 386 33 184 184 1
frame_00076.jsc68 384 22 185 185 1
frame_00077.jsc68 387 27 182 182 1
frame_00078.jsc68 394 15 174 174 1
frame_00079.jsc68 403 17 167 167 1
frame_00080.jsc68 393 12 177 177 1
frame_00081.jsc68 409 8 175 175 1
frame_00082.jsc68 414 10 190 190 1
frame_00083.jsc68 402 15 213 213 1
frame_00084.jsc68 422 8 196 196 1
frame_00085.jsc68 435 8 186 186 1
frame_00086.jsc68 424 11 206 206 1
frame_00087.jsc68 420 6 202 202 1
frame_00088.jsc68 429 6 200 200 1
frame_00089.jsc68 437 6 191 191 1
frame_00090.jsc68 434 4 193 193 1
frame_00091.jsc68 444 10 185 185 2
frame_00092.jsc68 435 2 186 186 2
frame_00093.jsc68 446 11 182 182 2
frame_00094.jsc68 440 10 188 188 2
frame_00095.jsc68 446 4 184 184 2
frame_00096.jsc68 462 10 168 168 2
frame_00097.jsc68 451 5 180 180 2
frame_00098.jsc68 459 5 170 170 2
frame_00099.jsc68 461 4 168 168 2
frame_00100.jsc68 458 4 178 178 2
frame_00101.jsc68 463 4 169 169 2
frame_00102.jsc68 473 5 157 157 2
frame_00103.jsc68 476 11 156 156 2
frame_00104.jsc68 480 6 152 152 2
frame_00212.jsc68 2 44 98 98 2
frame_00213.jsc68 8 46 100 100 2
frame_00214.jsc68 3 53 118 118 2
frame_00215.jsc68 7 61 121 121 2
frame_00216.jsc68 5 50 163 163 1
frame_00217.jsc68 8 65 190 190 1
frame_00218.jsc68 36 74 167 167 1
frame_00219.jsc68 7 72 211 211 1
frame_00220.jsc68 15 76 191 191 1
frame_00221.jsc68 11 83 191 191 1
frame_00222.jsc68 19 83 186 186 1
frame_00223.jsc68 14 83 199 199 1
frame_00224.jsc68 25 83 191 191 1
frame_00225.jsc68 32 84 179 179 1
frame_00226.jsc68 53 87 156 156 1
frame_00227.jsc68 37 92 174 174 1
frame_00228.jsc68 44 92 185 185 1
frame_00224.jsc68 38 94 169 169 1
frame_00225.jsc68 47 96 163 163 1
frame_00226.jsc68 38 93 168 168 1
frame_00227.jsc68 37 98 178 178 1
frame_00228.jsc68 65 96 156 156 1
frame_00229.jsc68 61 103 173 173 1
frame_00230.jsc68 69 99 165 165 1
frame_00231.jsc68 92 102 153 153 1
frame_00232.jsc68 85 109 173 173 1
frame_00233.jsc68 99 105 161 161 1
frame_00234.jsc68 116 104 150 150 1
frame_00235.jsc68 123 109 139 139 1
frame_00236.jsc68 126 110 140 140 1
frame_00237.jsc68 130 110 142 142 1
frame_00238.jsc68 130 113 151 151 1
frame_00239.jsc68 130 106 156 156 1
frame_00240.jsc68 147 114 147 147 1
frame_00241.jsc68 139 122 151 151 1
frame_00242.jsc68 148 126 159 159 1
frame_00243.jsc68 156 119 141 141 1
frame_00244.jsc68 162 125 138 138 1
frame_00245.jsc68 161 110 141 141 1
frame_00246.jsc68 168 122 140 140 1
frame_00247.jsc68 163 123 146 146 1
frame_00248.jsc68 178 123 133 133 1
frame_00249.jsc68 197 125 118 118 1
frame_00250.jsc68 190 124 127 127 1
frame_00251.jsc68 196 113 124 124 1
frame_00252.jsc68 197 128 125 125 1
frame_00253.jsc68 198 126 119 119 1
frame_00254.jsc68 210 125 101 101 1
frame_00255.jsc68 216 114 108 108 1
frame_00256.jsc68 224 112 99 99 1
frame_00257.jsc68 224 111 92 92 1
frame_00258.jsc68 231 111 93 93 1
frame_00259.jsc68 238 109 84 84 1
frame_00260.jsc68 229 113 91 91 1
frame_00261.jsc68 215 115 114 114 1
frame_00262.jsc68 206 105 143 143 1
frame_00263.jsc68 192 104 163 163 1
frame_00264.jsc68 179 93 198 198 1
frame_00265.jsc68 161 99 228 228 1
frame_00266.jsc68 157 90 248 248 1
frame_00267.jsc68 161 94 251 251 1
frame_00268.jsc68 135 88 297 297 1
frame_00269.jsc68 140 89 290 290 1
frame_00270.jsc68 130 85 310 310 1
frame_00271.jsc68 134 93 299 299 1
frame_00272.jsc68 130 85 306 306 1
frame_00273.jsc68 134 84 296 296 1
frame_00274.jsc68 141 78 278 278 1
frame_00275.jsc68 144 85 261 261 1
frame_00276.jsc68 152 70 243 243 1
frame_00277.jsc68 169 61 210 210 1
frame_00278.jsc68 166 69 210 210 1
frame_00279.jsc68 188 67 177 177 1
frame_00280.jsc68 200 75 160 160 1
frame_00281.jsc68 225 75 141 141 1
frame_00282.jsc68 232 73 136 136 1
frame_00283.jsc68 242 77 116 116 1
frame_00284.jsc68 248 71 116 116 1
frame_00285.jsc68 263 67 92 92 1
frame_00286.jsc68 254 74 128 128 1
frame_00287.jsc68 260 70 140 140 1
frame_00288.jsc68 222 80 195 195 1
frame_00289.jsc68 220 75 221 221 1
frame_00290.jsc68 213 77 237 237 1
frame_00291.jsc68 196 75 279 279 1
frame_00292.jsc68 145 93 329 329 1
frame_00293.jsc68 141 91 326 326 1
frame_00294.jsc68 147 93 317 317 1
frame_00295.jsc68 154 86 299 299 1
frame_00296.jsc68 154 94 287 287 1
frame_00297.jsc68 106 139 182 182 1
frame_00298.jsc68 104 134 179 179 1
frame_00299.jsc68 97 139 179 179 1
frame_00300.jsc68 105 141 175 175 1
frame_00301.jsc68 104 141 162 162 1
frame_00302.jsc68 102 142 165 165 1
frame_00303.jsc68 99 137 162 162 1
frame_00304.jsc68 100 144 161 161 1
frame_00305.jsc68 104 145 151 151 1
frame_00306.jsc68 102 140 151 151 1
frame_00307.jsc68 108 143 147 147 1
frame_00308.jsc68 107 148 129 129 1
frame_00309.jsc68 101 160 130 130 1
frame_00310.jsc68 97 165 123 123 1
frame_00311.jsc68 110 180 105 105 1
frame_00312.jsc68 89 207 124 124 1
frame_00313.jsc68 84 217 138 138 1
frame_00314.jsc68 85 213 130 130 1
frame_00315.jsc68 95 217 116 116 1
frame_00316.jsc68 87 215 123 123 1
frame_00317.jsc68 92 216 115 115 1
frame_00318.jsc68 72 212 142 142 1
frame_00319.jsc68 81 210 131 131 1
frame_00320.jsc68 82 206 119 119 1
frame_00321.jsc68 68 200 139 139 1
frame_00322.jsc68 70 203 140 140 1
frame_00323.jsc68 44 213 154 154 2
frame_00324.jsc68 46 210 153 153 2
frame_00325.jsc68 49 206 155 155 2
frame_00326.jsc68 30 213 176 176 2
frame_00327.jsc68 41 213 165 165 2
frame_00328.jsc68 39 207 168 168 2
frame_00329.jsc68 35 214 162 162 2
frame_00330.jsc68 39 203 159 159 1
frame_00331.jsc68 43 210 153 153 2
frame_00332.jsc68 50 206 148 148 2
frame_00333.jsc68 43 209 154 154 2
frame_00334.jsc68 54 210 144 144 2
frame_00335.jsc68 49 204 140 140 2
frame_00336.jsc68 53 219 137 137 2
frame_00337.jsc68 54 210 155 155 2
frame_00338.jsc68 55 208 140 140 2
frame_00339.jsc68 57 209 137 137 1
frame_00340.jsc68 55 218 139 139 2
frame_00341.jsc68 46 209 155 155 2
frame_00342.jsc68 50 209 141 141 2
frame_00343.jsc68 57 208 123 123 2
frame_00343.jsc68 51 203 152 152 1
